[0.06755965948104858,
0.03603314980864525,
0.02393994852900505,
0.031225835904479027,
0.02660563960671425,
0.02511385641992092,
0.023936504498124123,
0.023246604949235916,
0.026287293061614037,
0.0263834111392498,
0.02508605271577835,
0.026221299543976784,
0.019869111478328705,
0.023201974108815193,
0.024151824414730072,
0.021262800320982933,
0.022534679621458054,
0.016670923680067062,
0.02155212312936783,
0.02439487911760807,
0.02107214741408825,
0.021655257791280746,
0.018098989501595497,
0.018584975972771645,
0.01839451491832733,
0.018418772146105766,
0.020825255662202835,
0.01912744902074337,
0.017422452569007874,
0.022425878793001175,
0.017270777374505997,
0.01674148440361023,
0.01941772922873497,
0.014947029761970043,
0.024658704176545143,
0.016423527151346207,
0.016059445217251778,
0.021362964063882828,
0.020111916586756706,
0.017461953684687614,
0.020687203854322433,
0.01623881421983242,
0.01632695645093918,
0.017356226220726967,
0.017852116376161575,
0.017006073147058487,
0.014210988767445087,
0.016401495784521103,
0.016889959573745728,
0.015862522646784782,
0.018888240680098534,
0.016577409580349922,
0.01734844222664833,
0.014919270761311054,
0.019230730831623077,
0.017743507400155067,
0.01423391979187727,
0.014263980090618134,
0.014363737776875496,
0.015946421772241592,
0.014092178083956242,
0.01634158566594124,
0.016680238768458366,
0.015204442664980888,
0.014498296193778515,
0.015205886214971542,
0.013554992154240608,
0.015553594566881657,
0.017768900841474533,
0.020359046757221222,
0.015558198094367981,
0.015596156939864159,
0.01798071712255478,
0.01666427031159401,
0.016163816675543785,
0.01501180324703455,
0.017236879095435143,
0.018159300088882446,
0.016625892370939255,
0.014412965625524521,
0.016211604699492455,
0.017768247053027153,
0.015411690808832645,
0.018292253836989403,
0.016663648188114166,
0.013042096979916096,
0.013697011396288872,
0.015783391892910004,
0.016131063923239708,
0.014986753463745117,
0.015519212931394577,
0.015430931001901627,
0.016183804720640182,
0.016334397718310356,
0.014905901625752449,
0.017695574089884758,
0.011976076290011406,
0.013174419291317463,
0.018549807369709015,
0.015160772018134594,
0.018695062026381493,
0.014125327579677105,
0.017100555822253227,
0.01473548449575901,
0.013418694026768208,
0.014012598432600498,
0.015019876882433891,
0.013973604887723923,
0.01697051152586937,
0.013517942279577255,
0.013590212911367416,
0.017003510147333145,
0.017413215711712837,
0.016886800527572632,
0.01453397423028946,
0.014093580655753613,
0.015007895417511463,
0.013806628994643688,
0.017406120896339417,
0.01672178879380226,
0.012656661681830883,
0.014706914313137531,
0.014538828283548355,
0.018648961558938026,
0.014231838285923004,
0.01616334728896618,
0.01794091798365116,
0.014780552126467228,
0.016047421842813492,
0.013198400847613811,
0.018003977835178375,
0.013744795694947243,
0.014475233852863312,
0.016758888959884644,
0.014180593192577362,
0.015014027245342731,
0.013502094894647598,
0.013868225738406181,
0.013280627317726612,
0.015973813831806183,
0.014734865166246891,
0.013622557744383812,
0.013449680991470814,
0.013721389696002007,
0.016473928466439247,
0.014791123569011688,
0.014813987538218498,
0.014133255928754807,
0.015198251232504845,
0.01493372768163681,
0.01418976578861475,
0.016443666070699692,
0.015228873118758202,
0.01588890142738819,
0.015337438322603703,
0.014574095606803894,
0.012938889674842358,
0.01584208570420742,
0.019353091716766357,
0.015587834641337395,
0.014453833922743797,
0.01231351774185896,
0.016792219132184982,
0.01630404032766819,
0.02120153047144413,
0.015057611279189587,
0.013336141593754292,
0.015430133789777756,
0.01442128885537386,
0.015512948855757713,
0.014941338449716568,
0.012757589109241962,
0.01842145062983036,
0.017578255385160446,
0.015302056446671486,
0.013681793585419655,
0.01428982987999916,
0.01577112451195717,
0.016384003683924675,
0.015390079468488693,
0.011366050690412521,
0.01589682325720787,
0.01413994375616312,
0.014323515817523003,
0.015098470263183117,
0.014240505173802376,
0.01375539880245924,
0.014283411204814911,
0.018545813858509064,
0.014257390983402729,
0.016588721424341202,
0.01359355729073286,
0.01780196651816368,
0.013122936710715294,
0.01574702188372612,
0.013033890165388584,
0.012871437706053257,
0.014103978872299194,
0.017876051366329193,
0.013064502738416195,
0.01613335683941841,
0.015620391815900803,
0.013254781253635883,
0.01263501588255167,
0.014840499497950077,
0.01474239956587553,
0.014174265787005424,
0.01533450372517109,
0.014524434693157673,
0.014330964535474777,
0.012693090364336967,
0.013346290215849876,
0.012635673396289349,
0.013245204463601112,
0.013827750459313393,
0.01479739136993885,
0.01434476301074028,
0.014305335469543934,
0.01632813923060894,
0.014629833400249481,
0.014509637840092182,
0.014896180480718613,
0.014854637905955315,
0.01676975190639496,
0.012243940494954586,
0.01398254744708538,
0.011964096687734127,
0.013977342285215855,
0.014142444357275963,
0.014459358528256416,
0.015571925789117813,
0.015094749629497528,
0.016022710129618645,
0.014637102372944355,
0.014211715199053288,
0.016346143558621407,
0.012493101879954338,
0.014917527325451374,
0.015828875824809074,
0.014854120090603828,
0.015022927895188332,
0.014258493669331074,
0.014039763249456882,
0.017314253374934196,
0.01504737138748169,
0.013049254193902016,
0.012428377754986286,
0.015239407308399677,
0.011852835305035114,
0.010927797295153141,
0.013915322721004486,
0.011840727180242538,
0.012791123241186142,
0.01522178016602993,
0.012779733166098595,
0.014641884714365005,
0.013070495799183846,
0.01872354745864868,
0.014680440537631512,
0.012906531803309917,
0.014079494401812553,
0.013173514977097511,
0.012507486157119274,
0.015517869964241982,
0.013501398265361786,
0.013131928630173206,
0.017102422192692757,
0.014551357366144657,
0.014410993084311485,
0.012047617696225643,
0.013874893076717854,
0.015132994391024113,
0.014987630769610405,
0.012050207704305649,
0.011224289424717426,
0.013523304834961891,
0.01594083569943905,
0.015459522604942322,
0.012536275200545788,
0.015272373333573341,
0.013631182722747326,
0.01372428610920906,
0.018926003947854042,
0.012440580874681473,
0.016018230468034744,
0.01396632008254528,
0.0139002725481987,
0.013606184162199497,
0.013942059129476547,
0.013739565387368202,
0.016887277364730835,
0.013955148868262768,
0.01412508450448513,
0.011827080510556698,
0.01351869199424982,
0.011615302413702011,
0.012935995124280453,
0.013362133875489235,
0.012818179093301296,
0.015236691571772099,
0.01303231529891491,
0.013326275162398815,
0.013480116613209248,
0.014929363504052162,
0.012700432911515236,
0.01619114726781845,
0.013292449526488781,
0.011936674825847149,
0.01429741270840168,
0.01656513661146164,
0.014304367825388908,
0.014406147412955761,
0.013172981329262257,
0.01357019878923893,
0.012819701805710793,
0.011285697109997272,
0.013015743345022202,
0.014796280302107334,
0.015133664011955261,
0.01366694737225771,
0.011961991898715496,
0.012866434641182423,
0.011476549319922924,
0.013652888126671314,
0.011599203571677208,
0.015858717262744904,
0.012996386736631393,
0.012998577207326889,
0.015554611571133137,
0.013279898092150688,
0.014279171824455261,
0.014088746160268784,
0.014021114446222782,
0.012369384057819843,
0.013667413033545017,
0.015076215378940105,
0.014209982007741928,
0.011442755348980427,
0.013539333827793598,
0.021424004808068275,
0.013370176777243614,
0.01315202098339796,
0.013015256263315678,
0.013861138373613358,
0.015506027266383171,
0.014189910143613815,
0.012703442946076393,
0.015930576249957085,
0.01603236421942711,
0.0126353669911623,
0.01357249729335308,
0.013390748761594296,
0.013558412902057171,
0.012442748993635178,
0.01549670472741127,
0.017240408807992935,
0.01762039214372635,
0.014827430248260498,
0.015559202060103416,
0.01410922221839428,
0.013975173234939575,
0.014403818175196648,
0.014427774585783482,
0.01379946619272232,
0.012920605018734932,
0.012162525206804276,
0.0133516239002347,
0.012095263227820396,
0.013867191970348358,
0.014443699270486832,
0.015584791079163551,
0.013755658641457558,
0.014269614592194557,
0.011915488168597221,
0.016049636527895927,
0.01161146443337202,
0.014864067547023296,
0.013946781866252422,
0.012616162188351154,
0.013277563266456127,
0.014990562573075294,
0.013706667348742485,
0.01190805621445179,
0.014277635142207146,
0.01176514383405447,
0.014408333227038383,
0.015834514051675797,
0.014955119229853153,
0.017620254307985306,
0.012756558135151863,
0.012544376775622368,
0.013643516227602959,
0.018727339804172516,
0.015365790575742722,
0.010849655605852604,
0.014925391413271427,
0.011461389251053333,
0.011282936669886112,
0.011745576746761799,
0.014144930988550186,
0.015515439212322235,
0.016672879457473755,
0.013877993449568748,
0.014405378140509129,
0.012241709046065807,
0.013761084526777267,
0.012400921434164047,
0.01438162475824356,
0.01486482098698616,
0.01694355346262455,
0.016827723011374474,
0.013525007292628288,
0.01220768317580223,
0.015438687987625599,
0.012304766103625298,
0.019133782014250755,
0.01564069651067257,
0.013667200691998005,
0.011553062126040459,
0.014556048437952995,
0.013149128295481205,
0.013092650100588799,
0.017478765919804573,
0.012462739832699299,
0.014146053232252598,
0.014942388981580734,
0.014870033599436283,
0.011890348978340626,
0.013704000040888786,
0.014860432595014572,
0.012072526849806309,
0.0141809256747365,
0.014137620106339455,
0.01291955728083849,
0.013503365218639374,
0.012760011479258537,
0.011702891439199448,
0.017337162047624588,
0.012974929995834827,
0.012850848957896233,
0.013723821379244328,
0.013604589737951756,
0.014157580211758614,
0.01254303939640522,
0.0151367811486125,
0.013173525221645832,
0.014062849804759026,
0.01627892628312111,
0.017160935327410698,
0.010079785250127316,
0.016134046018123627,
0.014256775379180908,
0.015965444967150688,
0.014256773516535759,
0.012426059693098068,
0.01309545524418354,
0.014206871390342712,
0.01375086884945631,
0.012483922764658928,
0.0124623142182827,
0.011989121325314045,
0.01459184568375349,
0.015546601265668869,
0.013528283685445786,
0.01656460203230381,
0.013699019327759743,
0.011687473393976688,
0.011756893247365952,
0.016609814018011093,
0.012657172046601772,
0.010984755121171474,
0.016409270465373993,
0.013270261697471142,
0.014062170870602131,
0.014534629881381989,
0.013361622579395771,
0.011167746968567371,
0.014744216576218605,
0.012441501952707767,
0.014827701263129711,
0.014087021350860596,
0.013467233628034592,
0.012925307266414165,
0.0133714834228158,
0.012223591096699238,
0.012612799182534218,
0.011837134137749672,
0.01650925725698471,
0.014007777906954288,
0.01480666734278202,
0.012028180994093418,
0.01410413533449173,
0.011556616984307766,
0.010387620888650417,
0.013334888033568859,
0.013325145468115807,
0.01137460581958294,
0.014084083959460258,
0.01267311628907919,
0.012552517466247082,
0.013336117379367352,
0.015718381851911545,
0.013115791603922844,
0.01295181829482317,
0.012120050378143787,
0.01320604607462883,
0.013883650302886963,
0.014746887609362602,
0.01359564159065485,
0.015047905966639519,
0.012828889302909374,
0.01308704074472189,
0.01156262494623661,
0.015189403668045998,
0.012650798074901104,
0.01647724211215973,
0.016016565263271332,
0.013289648108184338,
0.014683294110000134,
0.015852566808462143,
0.014512117952108383,
0.015221687033772469,
0.013098185881972313,
0.014846512116491795,
0.012988565489649773,
0.010811032727360725,
0.011406094767153263,
0.015118727460503578,
0.013200145214796066,
0.0138357263058424,
0.01484101451933384,
0.011486221104860306,
0.013107380829751492,
0.013307900168001652,
0.010619410313665867,
0.011993001215159893,
0.011515015736222267,
0.01171719841659069,
0.013454840518534184,
0.01169738732278347,
0.013198580592870712,
0.012759019620716572,
0.01394761074334383,
0.013428130187094212,
0.014003784395754337,
0.013907073065638542,
0.014795506373047829,
0.013678674586117268,
0.01256490871310234,
0.014006750658154488,
0.012825132347643375,
0.011520867235958576,
0.011300761252641678,
0.018637923523783684,
0.014079269021749496,
0.015147080644965172,
0.014746291562914848,
0.014080755412578583,
0.0124710313975811,
0.015118193812668324,
0.012380327098071575,
0.009978484362363815,
0.012825323268771172,
0.01283007301390171,
0.012953203171491623,
0.013924993574619293,
0.01373138278722763,
0.012259196490049362,
0.013277573511004448,
0.015133713372051716,
0.011794325895607471,
0.01180440653115511,
0.013363727368414402,
0.01332126371562481,
0.01139876153320074,
0.014584842137992382,
0.016056809574365616,
0.015318694524466991,
0.011684311553835869,
0.011752204969525337,
0.012354427948594093,
0.012541290372610092,
0.013046150095760822,
0.011612500064074993,
0.011913801543414593,
0.011803114786744118,
0.014827611856162548,
0.014913748018443584,
0.01220787689089775,
0.011195136234164238,
0.014699081890285015,
0.012430566363036633,
0.010697138495743275,
0.011408389545977116,
0.011261102743446827,
0.011804289184510708,
0.011602828279137611,
0.015064495615661144,
0.012531010434031487,
0.014825795777142048,
0.01191032212227583,
0.013551496900618076,
0.012231733649969101,
0.010866676457226276,
0.013210312463343143,
0.013136732392013073,
0.012848603539168835,
0.012278695590794086,
0.012005573138594627,
0.013431163504719734,
0.011533684097230434,
0.012308115139603615,
0.014030727557837963,
0.013331446796655655,
0.01550370268523693,
0.0126952538266778,
0.01428276114165783,
0.015558533370494843,
0.012161491438746452,
0.01498403586447239,
0.012748736888170242,
0.013227831572294235,
0.011477533727884293,
0.01541208103299141,
0.012776708230376244,
0.013889196328818798,
0.01337667740881443,
0.012739733792841434,
0.013434793800115585,
0.010975259356200695,
0.010982288047671318,
0.013090396299958229,
0.012613416649401188,
0.014275463297963142,
0.013409864157438278,
0.013964755460619926,
0.01428333017975092,
0.01862611249089241,
0.016582105308771133,
0.015240759588778019,
0.017570067197084427,
0.013743165880441666,
0.01439682487398386,
0.011370654217898846,
0.013065975159406662,
0.010765204206109047,
0.011548897251486778,
0.013004428707063198,
0.01351039856672287,
0.011988867074251175,
0.013830306939780712,
0.01052678469568491,
0.010892367921769619,
0.012043489143252373,
0.014560060575604439,
0.013953810557723045,
0.013675864785909653,
0.013304678723216057,
0.010953112505376339,
0.01245639193803072,
0.015693457797169685,
0.01719786413013935,
0.01072496548295021,
0.011025420390069485,
0.01266277302056551,
0.011685402132570744,
0.013212728314101696,
0.012524989433586597,
0.012824665755033493,
0.015359860844910145,
0.013278210535645485,
0.01250701118260622,
0.014227412641048431,
0.013330020941793919,
0.013078234158456326,
0.012864592485129833,
0.015004214830696583,
0.013028512708842754,
0.014489608816802502,
0.012361743487417698,
0.016671624034643173,
0.012095984071493149,
0.012979025021195412,
0.012326953932642937,
0.012049243785440922,
0.011741530150175095,
0.014702083542943,
0.013042277656495571,
0.01613844558596611,
0.01368398405611515,
0.013921506702899933,
0.013584616594016552,
0.012727739289402962,
0.013597531244158745,
0.010874216444790363,
0.013871286995708942,
0.011518070474267006,
0.013209796510636806,
0.012834766879677773,
0.013850749470293522,
0.01140202209353447,
0.013037665747106075,
0.012873349711298943,
0.01291378028690815,
0.011468670330941677,
0.012611213140189648,
0.014370536431670189,
0.011990692466497421,
0.011693446896970272,
0.01567915454506874,
0.01203265879303217,
0.016214825212955475,
0.011988631449639797,
0.01280013658106327,
0.011455128900706768,
0.012377937324345112,
0.010772938840091228,
0.01519118994474411,
0.01363541278988123,
0.012673533521592617,
0.014493433758616447,
0.012990848161280155,
0.013377984054386616,
0.015885837376117706,
0.01134660467505455,
0.012396672740578651,
0.015128301456570625,
0.013666847720742226,
0.011239430867135525,
0.016402598470449448,
0.011056470684707165,
0.011994730681180954,
0.013593701645731926,
0.013419030234217644,
0.014969863928854465,
0.011579450219869614,
0.01457309816032648,
0.011615638621151447,
0.01407777238637209,
0.012332674115896225,
0.015892378985881805,
0.01127464696764946,
0.01338590495288372,
0.012409529648721218,
0.012124770320951939,
0.011484907008707523,
0.012521817348897457,
0.011983702890574932,
0.014926702715456486,
0.011829724535346031,
0.014908763580024242,
0.015350474044680595,
0.013002785854041576,
0.01286783441901207,
0.015174070373177528,
0.013835296966135502,
0.014873800799250603,
0.012563837692141533,
0.01580563187599182,
0.013495977967977524,
0.011903542093932629,
0.011477670632302761,
0.01141371950507164,
0.011975440196692944,
0.01158646959811449,
0.012067017145454884,
0.012832503765821457,
0.012582856230437756,
0.01066228374838829,
0.011410634964704514,
0.012735561467707157,
0.00978599302470684,
0.011742690578103065,
0.013107847422361374,
0.013387699611485004,
0.015445835888385773,
0.013554164208471775,
0.013858655467629433,
0.014633901417255402,
0.013062210753560066,
0.012732507660984993,
0.01356832217425108,
0.01490076445043087,
0.012180046178400517,
0.013840291649103165,
0.012309483252465725,
0.014487714506685734,
0.013782480731606483,
0.01090723741799593,
0.011750890873372555,
0.01532212644815445,
0.011090929619967937,
0.010945301502943039,
0.014416900463402271,
0.014629147946834564,
0.013089416548609734,
0.016542961820960045,
0.01799001917243004,
0.01120983250439167,
0.014331811107695103,
0.01339652482420206,
0.011547154746949673,
0.011727044358849525,
0.01185696106404066,
0.013022876344621181,
0.010060492902994156,
0.011555800214409828,
0.010141119360923767,
0.01230642106384039,
0.012465877458453178,
0.010511582717299461,
0.0146111361682415,
0.011717112734913826,
0.013773092068731785,
0.011880738660693169,
0.010006722994148731,
0.012637264095246792,
0.011441582813858986,
0.01162488479167223,
0.011066397652029991,
0.012839214876294136,
0.014116120524704456,
0.012477743439376354,
0.017472822219133377,
0.013887375593185425,
0.012496299110352993,
0.01285047922283411,
0.012862182222306728,
0.012359906919300556,
0.012872185558080673,
0.014271415770053864,
0.01167911384254694,
0.011756833642721176,
0.01445904653519392,
0.013118498958647251,
0.011790221557021141,
0.01397339440882206,
0.01501518301665783,
0.01447918452322483,
0.01095049548894167,
0.01266265194863081,
0.01299970131367445,
0.011560355313122272,
0.015416520647704601,
0.012698235921561718,
0.011142317205667496,
0.013714035972952843,
0.01564723625779152,
0.01061822846531868,
0.012536877766251564,
0.01247044000774622,
0.015381047502160072,
0.011670228093862534,
0.012644397094845772,
0.013889986090362072,
0.010866563767194748,
0.01418071985244751,
0.01400976162403822,
0.013032960705459118,
0.011481753550469875,
0.014420305378735065,
0.013173497281968594,
0.01374392956495285,
0.012457924894988537,
0.012724529020488262,
0.014019966125488281,
0.012509630993008614,
0.011480133980512619,
0.011225206777453423,
0.011499867774546146,
0.011577223427593708,
0.013273236341774464,
0.014344975352287292,
0.01435986626893282,
0.013343208469450474,
0.011712638661265373,
0.012607024051249027,
0.0132529828697443,
0.01167738065123558,
0.010262823663651943,
0.012580151669681072,
0.012354817241430283,
0.011297331191599369,
0.014973001554608345,
0.014845806173980236,
0.014036712236702442,
0.015033583156764507,
0.012145866639912128,
0.013624880462884903,
0.013438528403639793,
0.0120477806776762,
0.012867043726146221,
0.014006195589900017,
0.012627819553017616,
0.015275934711098671,
0.01188480481505394,
0.014830539003014565,
0.01269971951842308,
0.014374300837516785,
0.011714478954672813,
0.012990453280508518,
0.015166562050580978,
0.01054443884640932,
0.011586091481149197,
0.014003954827785492,
0.01319658849388361,
0.012525220401585102,
0.01415929477661848,
0.009044547565281391,
0.014473343268036842,
0.012627052143216133,
0.009687136858701706,
0.013726301491260529,
0.013847109861671925,
0.012146071530878544,
0.013571787625551224,
0.012364731170237064,
0.014145655557513237,
0.014497446827590466,
0.014330425299704075,
0.012246977537870407,
0.014677813276648521,
0.012608212418854237,
0.01394322793930769,
0.01248051319271326,
0.014640359207987785,
0.012366916984319687,
0.011844667606055737,
0.012722935527563095,
0.014756294898688793,
0.012298603542149067,
0.011402672156691551,
0.015640107914805412,
0.016948401927947998,
0.01431796420365572,
0.013167710043489933,
0.012042640708386898,
0.012384076602756977,
0.011589674279093742,
0.011846175417304039,
0.013787440955638885,
0.01211540587246418,
0.012636111117899418,
0.009438084438443184,
0.012412840500473976,
0.01594514586031437,
0.0122973108664155,
0.010593312792479992,
0.015493092127144337,
0.013560744933784008,
0.012478066608309746,
0.01319928653538227,
0.012260024435818195,
0.014026785269379616,
0.012596541084349155,
0.014150600880384445,
0.01185439433902502,
0.01333655696362257,
0.011091435328125954,
0.012110338546335697,
0.012125139124691486,
0.012509427033364773,
0.01468919962644577,
0.011557833291590214,
0.012399939820170403,
0.012914413586258888,
0.011291996575891972,
0.011588577181100845,
0.011026093736290932,
0.014734839089214802,
0.013210703618824482,
0.013369692489504814,
0.012102892622351646,
0.012734721414744854,
0.012444224208593369,
0.012018251232802868,
0.01704523339867592,
0.013163474388420582,
0.011747052893042564,
0.013389979489147663,
0.011449283920228481,
0.011592634953558445,
0.012774229981005192,
0.01372012123465538,
0.010977496393024921,
0.014189735986292362,
0.010267424397170544,
0.011614209972321987,
0.012989883311092854,
0.014451944269239902,
0.011779413558542728,
0.010881593450903893,
0.015263253822922707,
0.01305416040122509,
0.014547395519912243,
0.013620720244944096,
0.010457000695168972,
0.012922794558107853,
0.01303168572485447,
0.014770586043596268,
0.010073540732264519,
0.01235581561923027,
0.013086934573948383,
0.011046754196286201,
0.013505766168236732,
0.014239612966775894,
0.01113883312791586,
0.013384176418185234,
0.010796693153679371,
0.0137880127876997,
0.01195454876869917,
0.012307148426771164,
0.012799170799553394,
0.011047248728573322,
0.016257811337709427,
0.013478126376867294,
0.014064021408557892,
0.011397681199014187,
0.014126542024314404,
0.012824056670069695,
0.010541114024817944,
0.013223649002611637,
0.010930397547781467,
0.017023805528879166,
0.010591604746878147,
0.010785123333334923,
0.00994587317109108,
0.013678504154086113,
0.010525469668209553,
0.01587200164794922,
0.011835173703730106,
0.015710940584540367,
0.01388461608439684,
0.012034188956022263,
0.011512073688209057,
0.013681027106940746,
0.011648762039840221,
0.012675098143517971,
0.011100186966359615,
0.011490164324641228,
0.011000593192875385,
0.012104636058211327,
0.012314808554947376,
0.01642332226037979,
0.01467281673103571,
0.013948241248726845,
0.011923106387257576,
0.010701392777264118,
0.01152881421148777,
0.01251953560858965,
0.011994500644505024,
0.014360317029058933,
0.015214220620691776,
0.01137172058224678,
0.015490291640162468,
0.01118839904665947,
0.012726969085633755,
0.012119736522436142,
0.0121524753049016,
0.012978495098650455,
0.012873691506683826,
0.011948401108384132,
0.013058952055871487,
0.011746121570467949,
0.014753168448805809,
0.014769785106182098,
0.012378155253827572,
0.012567983008921146,
0.010981528088450432,
0.014479431323707104,
0.011177798733115196,
0.009785927832126617,
0.013551966287195683,
0.01144931185990572,
0.011728678829967976,
0.010133524425327778,
0.013252544216811657,
0.0126740001142025,
0.017291376367211342,
0.011859559454023838,
0.013325778767466545,
0.011327585205435753,
0.011819912120699883,
0.015171230770647526,
0.013835951685905457,
0.014173131436109543,
0.01072358526289463,
0.015161117538809776,
0.012335107661783695,
0.01237575151026249,
0.013015476986765862,
0.013642508536577225,
0.010416827164590359,
0.011892658658325672,
0.01011223066598177,
0.01359702181071043,
0.01626483164727688,
0.010786774568259716,
0.011316913180053234,
0.011969497427344322,
0.013340449891984463,
0.009979557245969772,
0.015341195277869701,
0.012557529844343662,
0.015722205862402916,
0.013144280761480331,
0.013809935189783573,
0.013967826962471008,
0.013155724853277206,
0.013866002671420574,
0.012737489305436611,
0.013863198459148407,
0.011718099005520344,
0.013110039755702019,
0.014048934914171696,
0.012000312097370625,
0.013160946778953075,
0.009492872282862663,
0.010811205953359604,
0.01399551797658205,
0.01099983137100935,
0.013567398302257061,
0.011692177504301071,
0.012208483181893826,
0.015054088085889816,
0.01129129622131586,
0.013358544558286667,
0.010275718756020069,
0.012721261940896511,
0.01394768338650465,
0.01143313106149435,
0.010226452723145485,
0.014304237440228462,
0.012929528020322323,
0.010744781233370304,
0.013440902344882488,
0.012690214440226555,
0.013119621202349663,
0.010842863470315933,
0.011050493456423283,
0.01315765269100666,
0.012288566678762436,
0.011458962224423885,
0.011190489865839481,
0.010535219684243202,
0.012344184331595898,
0.009944692254066467,
0.013699608854949474,
0.011875142343342304,
0.012797364965081215,
0.013964042998850346,
0.012506545521318913,
0.012130877934396267,
0.013919949531555176,
0.015855301171541214,
0.011080614291131496,
0.010223964229226112,
0.010263215750455856,
0.012998304329812527,
0.011469640769064426,
0.013421224430203438,
0.013155845925211906,
0.013624705374240875,
0.012888438068330288,
0.012634952552616596,
0.01080176793038845,
0.011820982210338116,
0.010189605876803398,
0.013931673020124435,
0.014030625112354755,
0.01243810448795557,
0.012455062009394169,
0.014189486391842365,
0.013007533736526966,
0.014017637819051743,
0.013543174602091312,
0.013732184655964375,
0.012210960499942303,
0.011332916095852852,
0.012739974074065685,
0.010401359759271145,
0.011343396268785,
0.013743356801569462,
0.012366335839033127,
0.0119859017431736,
0.013156668283045292,
0.012827526777982712,
0.012118738144636154,
0.010984400287270546,
0.011182105168700218,
0.015040069818496704,
0.013200206682085991,
0.014092914760112762,
0.011424885131418705,
0.01009982731193304,
0.011428577825427055,
0.012115472927689552,
0.013536911457777023,
0.016339760273694992,
0.01238429918885231,
0.012110928073525429,
0.011642778292298317,
0.01504187099635601,
0.01544113177806139,
0.012942477129399776,
0.012699953280389309,
0.013316255062818527,
0.009662832133471966,
0.011685687117278576,
0.011953514069318771,
0.012826366350054741,
0.013349519111216068,
0.011969799175858498,
0.010916055180132389,
0.01228362787514925,
0.014476709067821503,
0.011692334897816181,
0.012702103704214096,
0.016223907470703125,
0.01517705898731947,
0.01331473607569933,
0.010820785537362099,
0.013320950791239738,
0.012404661625623703,
0.012084683403372765,
0.011806058697402477,
0.014387931674718857,
0.011935243383049965,
0.015303527936339378,
0.011998406611382961,
0.014624112285673618,
0.014895941130816936,
0.012320969253778458,
0.0105707673355937,
0.013965480029582977,
0.009725580923259258,
0.011104000732302666,
0.012443938292562962,
0.009041865356266499,
0.011288824491202831,
0.012185321189463139,
0.013370196335017681,
0.012916897423565388,
0.013737638480961323,
0.010442408733069897,
0.010250603780150414,
0.012856797315180302,
0.013948632404208183,
0.01296230498701334,
0.014155073091387749,
0.013154554180800915,
0.01178542897105217,
0.012142297811806202,
0.01277360413223505,
0.012712732888758183,
0.01048495527356863,
0.013094640336930752,
0.01258012279868126,
0.014662466943264008,
0.011778217740356922,
0.013917898759245872,
0.012886878103017807,
0.011946205049753189,
0.013563047163188457,
0.011982256546616554,
0.01357018481940031,
0.010717141442000866,
0.01237793080508709,
0.011813046410679817,
0.011432177387177944,
0.009853187017142773,
0.012501548044383526,
0.011471680365502834,
0.010607617907226086,
0.012272248044610023,
0.014122973196208477,
0.011364448815584183,
0.011308598332107067,
0.012988993898034096,
0.015335269272327423,
0.012026666663587093,
0.014509888365864754,
0.012162741273641586,
0.010600628331303596,
0.012658615596592426,
0.00993265025317669,
0.013041424565017223,
0.01193621102720499,
0.011040992103517056,
0.010745213367044926,
0.012273019179701805,
0.012957239523530006,
0.014020280912518501,
0.01452995091676712,
0.012990779243409634,
0.01356160081923008,
0.012405538000166416,
0.012757173739373684,
0.00989773590117693,
0.012345689348876476,
0.01188342459499836,
0.012399335391819477,
0.012514215894043446,
0.011950073763728142,
0.012618242762982845,
0.012326673604547977,
0.010213556699454784,
0.013103011064231396,
0.011812141165137291,
0.013301821425557137,
0.010436946526169777,
0.012556779198348522,
0.012869524769484997,
0.012060658074915409,
0.013295676559209824,
0.01106648612767458,
0.010213101282715797,
0.012250215746462345,
0.012347209267318249,
0.014476953074336052,
0.013524564914405346,
0.01452888734638691,
0.012864146381616592,
0.01593499816954136,
0.010180706158280373,
0.012172812595963478,
0.010299627669155598,
0.012373257428407669,
0.012481150217354298,
0.011152859777212143,
0.012194515205919743,
0.011137748137116432,
0.012127945199608803,
0.01458246074616909,
0.011426658369600773,
0.012915569357573986,
0.011873462237417698,
0.014946479350328445,
0.009676719084382057,
0.014265399426221848,
0.011167308315634727,
0.012691980227828026,
0.014691696502268314,
0.012882803566753864,
0.016040654852986336,
0.012255475856363773,
0.014120260253548622,
0.01358513068407774,
0.013216178864240646,
0.011164563708007336,
0.01376942079514265,
0.011631494387984276,
0.011784673668444157,
0.010987500660121441,
0.0108109749853611,
0.010971385054290295,
0.012653281912207603,
0.01358778029680252,
0.015272662974894047,
0.012546763755381107,
0.011979697272181511,
0.012096580117940903,
0.013073896989226341,
0.011438966728746891,
0.011718887835741043,
0.011724640615284443,
0.011966999620199203,
0.013216560706496239,
0.010805015452206135,
0.012203074060380459,
0.015082140453159809,
0.011651825159788132,
0.013342021033167839,
0.012897704727947712,
0.011648674495518208,
0.016696076840162277,
0.011236398480832577,
0.015091300010681152,
0.01195218600332737,
0.013300548307597637,
0.01360776461660862,
0.012174135074019432,
0.012793558649718761,
0.012942161411046982,
0.014136717654764652,
0.013164936564862728,
0.013184993527829647,
0.01280477549880743,
0.011477801017463207,
0.013992090709507465,
0.012648504227399826,
0.014813379384577274,
0.01300262100994587,
0.01163808535784483,
0.012659857049584389,
0.011031677015125751,
0.012609547935426235,
0.012147119268774986,
0.012040083296597004,
0.012550913728773594]
